a_s = 5.844101070630662e-09
age = 15.973905034369293
cosmomc_theta = 0.9579108977377144
cs2_de = 1.0
dastar = 16.79779996162237
h0 = 0.644502
hubble = 64.4502
k = 0.0
kd = 0.12429876854392742
keq = 0.006517966903162881
massive_nu = 1
massless_nu = 2.030666666666667
mnu = 0.06
n_eff = 3.0460000000000003
n_s = 0.985072
num_nu_massive = 1
num_nu_massless = 2.030666666666667
ombh2 = 0.0222862
omch2 = 0.06707592306
omega_b = 0.05365219382584924
omega_c = 0.1614797688732431
omega_k = 0.0
omega_lambda = 0.7833149196575082
omega_m = 0.21668508034249181
omega_nu = 0.0015531176433994675
ommh2 = 0.09000726145893817
omnuh2 = 0.0006451383989381787
rdrag = 164.05840170876996
rstar = 160.957097717419
s_8 = 0.7636797138565726
s_8_input = 0.762734
sigma_12 = 0.9169001086230878
sigma_8 = 0.8985813010978044
sigma_8_input = 0.900702283518293
thetad = 0.15046332041498486
thetaeq = 1.0700984068657033
thetarseq = 0.5776976112284513
thetastar = 0.9582034438149922
w = -1.0
wa = 0.0
zdrag = 1055.511206115849
zeq = 2135.107570283042
zstar = 1084.900436407277
