[cosmological_parameters]
omch2 = 0.066742212
ombh2 = 0.0222862
h0 = 0.644502
n_s = 0.985072
s_8_input = 0.762734
omega_k = 0.0
w = -1.0
wa = 0.0
mnu = 0.06

[halo_model_parameters]
a = 2.8566

[intrinsic_alignment_parameters]
a = 0.461573

[nofz_shifts]
uncorr_bias_1 = 0.334586
uncorr_bias_2 = 0.872225
uncorr_bias_3 = -1.76084
uncorr_bias_4 = -2.18141
uncorr_bias_5 = 1.2973407000000001

[shear_c_bias]
delta_c = 2.95497e-06

