bias_1 = 0.0031955802825758893
bias_2 = 0.010367630226830111
bias_3 = -0.01586908008908958
bias_4 = -0.01859317396618403
bias_5 = 0.0049158434339487645
uncorr_bias_1 = 0.334586
uncorr_bias_2 = 0.872225
uncorr_bias_3 = -1.76084
uncorr_bias_4 = -2.18141
uncorr_bias_5 = 1.2973407000000001
